NAME : single
TYPE : ATSP
DIMENSION : 17
EDGE_WEIGHT_TYPE : EXPLICIT
EDGE_WEIGHT_FORMAT : FULL_MATRIX
EDGE_WEIGHT_SECTION
0 1122 304 951 1507 1346 1349 1434 1549 1356 1128 1113 1121 873 362 571 9999900 
9999900 0 327 478 445 445 445 976 1065 1387 1617 1617 1617 585 385 194 814 
9999900 327 0 457 538 457 478 988 1077 1399 1629 1629 1629 286 66 241 305 
9999900 478 457 0 267 333 253 571 619 941 1171 1171 1171 445 445 639 624 
9999900 445 538 267 0 565 234 316 340 627 857 857 857 985 985 1179 1179 
9999900 445 457 333 565 0 382 330 225 404 634 634 634 983 983 1084 963 
9999900 445 478 253 234 382 0 486 186 530 760 760 760 887 887 1081 1054 
9999900 976 988 571 316 330 486 0 556 578 809 809 809 976 976 1170 1113 
9999900 1065 1077 619 340 225 186 556 0 350 645 645 645 1065 1065 1094 1267 
9999900 1387 1399 941 627 404 530 578 350 0 562 209 214 873 873 679 1071 
9999900 1617 1629 1171 857 634 760 809 645 562 0 498 388 643 643 449 716 
9999900 1617 1629 1171 857 634 760 809 645 209 498 0 313 643 643 449 894 
9999900 1617 1629 1171 857 634 760 809 645 214 388 313 0 643 643 449 932 
9999900 585 286 445 985 983 887 976 1065 873 643 643 643 0 324 518 400 
9999900 385 66 445 985 983 887 976 1065 873 643 643 643 324 0 289 311 
9999900 194 241 639 1179 1084 1081 1170 1094 679 449 449 449 518 289 0 316 
0 9999900 9999900 9999900 9999900 9999900 9999900 9999900 9999900 9999900 9999900 9999900 9999900 9999900 9999900 9999900 0 
EOF