image_width: 1280
image_height: 720
camera_name: csi_cam_0
camera_matrix:
  rows: 3
  cols: 3
  # data: [330.6398685539319, 0, 326.6491246437921,
  #         0, 440.7140742839679, 229.632227381501,
  #         0, 0, 1]
  data: [576.1537385537337, 0, 651.940641067742,
        0, 576.3597072598334, 341.1668275208263,
        0, 0, 1]
distortion_model: equidistant
distortion_coefficients:
  rows: 1
  cols: 4
  data: [0, 0, 0, 0]
rectification_matrix:
  rows: 3
  cols: 3
  data: [1, 0, 0, 0, 1, 0, 0, 0, 1]
projection_matrix:
  rows: 3
  cols: 4
  # data: [330.6398685539319, 0, 326.6491246437921, 0,
  #         0, 440.7140742839679, 229.632227381501, 0,
  #         0, 0, 1, 0 ]
  data: [576.1537385537337, 0, 651.940641067742, 0,
        0, 576.3597072598334, 341.1668275208263, 0,
        0, 0, 1, 0]